binCounts = [0     2    26    48    58    74    64    60    44    38    40    35    28    29    24    18    23    20    18    17    11    14    10     6     9     4     2     0     4     2     2     2     1     1     0     1    1     0     0     1 0]'; 
 
bins = [1         151         301         451         601         751         901        1051        1201 1351        1501        1651        1801        1951        2101        2251        2401        2551 2701        2851        3001        3151        3301        3451        3601        3751        3901 4051        4201        4351        4501        4651        4801        4951        5101        5251 5401     5551        5701        5851        6001]'; 


% pd = histfit(bins)
